{
 "cells": [
  {
   "cell_type": "markdown",
   "metadata": {},
   "source": [
    "# Solution 3.1"
   ]
  },
  {
   "cell_type": "markdown",
   "metadata": {},
   "source": [
    "Perform the follwing tasks:\n"
   ]
  },
  {
   "cell_type": "code",
   "execution_count": 1,
   "metadata": {},
   "outputs": [],
   "source": [
    "#3.1: import the numpy library\n",
    "import numpy as np"
   ]
  },
  {
   "cell_type": "code",
   "execution_count": 2,
   "metadata": {},
   "outputs": [
    {
     "data": {
      "text/plain": [
       "array([[0.11353949, 0.44679324, 0.61521994, 0.1092468 , 0.03250815,\n",
       "        0.21951307, 0.57173838, 0.66852547, 0.1049866 , 0.34648028],\n",
       "       [0.41303181, 0.43211029, 0.80237242, 0.41864261, 0.9820886 ,\n",
       "        0.70922514, 0.03476012, 0.4393986 , 0.50801944, 0.62517679],\n",
       "       [0.03606801, 0.95277305, 0.29538603, 0.68810695, 0.72954502,\n",
       "        0.25940247, 0.0036467 , 0.21562192, 0.48567681, 0.9323434 ],\n",
       "       [0.54192224, 0.83455532, 0.89990691, 0.18269742, 0.15452794,\n",
       "        0.98373522, 0.28428805, 0.89061376, 0.96278895, 0.05808479],\n",
       "       [0.2172634 , 0.98529366, 0.40081746, 0.69663692, 0.73227035,\n",
       "        0.6051795 , 0.8424847 , 0.68307044, 0.50980091, 0.44835563],\n",
       "       [0.0469566 , 0.03960291, 0.65980532, 0.06143779, 0.86797069,\n",
       "        0.71300925, 0.59184971, 0.58388372, 0.34245049, 0.57682867],\n",
       "       [0.87459366, 0.08520522, 0.43782052, 0.1277214 , 0.7105141 ,\n",
       "        0.98498984, 0.05507813, 0.05866033, 0.7602776 , 0.20099409],\n",
       "       [0.28439671, 0.74757595, 0.19100343, 0.74741729, 0.12099829,\n",
       "        0.18837606, 0.95332368, 0.91404963, 0.23878139, 0.62474021],\n",
       "       [0.22999776, 0.99763712, 0.41065402, 0.96477836, 0.93011174,\n",
       "        0.43999143, 0.24432215, 0.62842966, 0.57024065, 0.11480207],\n",
       "       [0.23807894, 0.05701874, 0.60748206, 0.22696446, 0.24461456,\n",
       "        0.66510379, 0.28972429, 0.70428168, 0.88367984, 0.31655326]])"
      ]
     },
     "execution_count": 2,
     "metadata": {},
     "output_type": "execute_result"
    }
   ],
   "source": [
    "#3.2: create a random 10x10 array named A\n",
    "A = np.random.rand(10,10)\n",
    "A"
   ]
  },
  {
   "cell_type": "code",
   "execution_count": 3,
   "metadata": {},
   "outputs": [
    {
     "data": {
      "text/plain": [
       "array([[0.11353949, 0.44679324, 0.61521994, 0.1092468 , 0.03250815,\n",
       "        0.21951307, 0.57173838, 0.66852547, 0.1049866 , 0.34648028],\n",
       "       [0.03606801, 0.95277305, 0.29538603, 0.68810695, 0.72954502,\n",
       "        0.25940247, 0.0036467 , 0.21562192, 0.48567681, 0.9323434 ],\n",
       "       [0.2172634 , 0.98529366, 0.40081746, 0.69663692, 0.73227035,\n",
       "        0.6051795 , 0.8424847 , 0.68307044, 0.50980091, 0.44835563],\n",
       "       [0.87459366, 0.08520522, 0.43782052, 0.1277214 , 0.7105141 ,\n",
       "        0.98498984, 0.05507813, 0.05866033, 0.7602776 , 0.20099409],\n",
       "       [0.22999776, 0.99763712, 0.41065402, 0.96477836, 0.93011174,\n",
       "        0.43999143, 0.24432215, 0.62842966, 0.57024065, 0.11480207]])"
      ]
     },
     "execution_count": 3,
     "metadata": {},
     "output_type": "execute_result"
    }
   ],
   "source": [
    "#3.3: return only the odd rows of A\n",
    "A[0:10:2,:] # start:stop:stepsize , all"
   ]
  },
  {
   "cell_type": "code",
   "execution_count": 4,
   "metadata": {},
   "outputs": [
    {
     "data": {
      "text/plain": [
       "array([[1.55707047, 1.55050984, 1.28760882, 2.10811074, 2.0914358 ,\n",
       "        1.58493079, 0.8801604 , 2.00839484, 1.61616679, 1.44391885],\n",
       "       [1.55050984, 3.48708519, 2.77661681, 3.15909144, 3.14581725,\n",
       "        2.76146754, 2.73876757, 2.10573728, 3.13107427, 2.38371743],\n",
       "       [1.28760882, 2.77661681, 3.22099933, 2.28897342, 3.05154047,\n",
       "        1.92695842, 1.67329298, 2.32939816, 3.05706452, 1.62675165],\n",
       "       [2.10811074, 3.15909144, 2.28897342, 4.62933594, 3.50122031,\n",
       "        2.55050678, 2.85272911, 2.64172839, 3.26443612, 3.03562673],\n",
       "       [2.0914358 , 3.14581725, 3.05154047, 3.50122031, 4.20371213,\n",
       "        2.75423556, 2.21899364, 3.42756927, 3.79428094, 2.40872996],\n",
       "       [1.58493079, 2.76146754, 1.92695842, 2.55050678, 2.75423556,\n",
       "        2.84585623, 2.10332323, 1.99430399, 2.27459466, 2.18265045],\n",
       "       [0.8801604 , 2.73876757, 1.67329298, 2.85272911, 2.21899364,\n",
       "        2.10332323, 3.08010414, 1.1762698 , 2.1903551 , 2.12969773],\n",
       "       [2.00839484, 2.10573728, 2.32939816, 2.64172839, 3.42756927,\n",
       "        1.99430399, 1.1762698 , 3.47662197, 2.82139257, 1.87960989],\n",
       "       [1.61616679, 3.13107427, 3.05706452, 3.26443612, 3.79428094,\n",
       "        2.27459466, 2.1903551 , 2.82139257, 3.99928417, 2.15386453],\n",
       "       [1.44391885, 2.38371743, 1.62675165, 3.03562673, 2.40872996,\n",
       "        2.18265045, 2.12969773, 1.87960989, 2.15386453, 2.44372825]])"
      ]
     },
     "execution_count": 4,
     "metadata": {},
     "output_type": "execute_result"
    }
   ],
   "source": [
    "#3.4: perform a matrix multiplication of A with it's transposed\n",
    "A.dot(A.T)"
   ]
  },
  {
   "cell_type": "code",
   "execution_count": 5,
   "metadata": {},
   "outputs": [
    {
     "data": {
      "text/plain": [
       "array([[ True,  True,  True,  True,  True,  True,  True,  True,  True,\n",
       "         True],\n",
       "       [ True,  True,  True,  True,  True,  True,  True,  True,  True,\n",
       "         True],\n",
       "       [ True,  True,  True,  True,  True,  True,  True,  True,  True,\n",
       "         True],\n",
       "       [ True,  True,  True,  True,  True,  True,  True,  True,  True,\n",
       "         True],\n",
       "       [ True,  True,  True,  True,  True,  True,  True,  True,  True,\n",
       "         True],\n",
       "       [ True,  True,  True,  True,  True,  True,  True,  True,  True,\n",
       "         True],\n",
       "       [ True,  True,  True,  True,  True,  True,  True,  True,  True,\n",
       "         True],\n",
       "       [ True,  True,  True,  True,  True,  True,  True,  True,  True,\n",
       "         True],\n",
       "       [ True,  True,  True,  True,  True,  True,  True,  True,  True,\n",
       "         True],\n",
       "       [ True,  True,  True,  True,  True,  True,  True,  True,  True,\n",
       "         True]])"
      ]
     },
     "execution_count": 5,
     "metadata": {},
     "output_type": "execute_result"
    }
   ],
   "source": [
    "#3.5: compute the matrix inverse of A\n",
    "A_inv=np.linalg.inv(A)\n",
    "np.isclose(A.dot(A_inv),np.identity(10))#test for identity AA^-1"
   ]
  },
  {
   "cell_type": "code",
   "execution_count": 6,
   "metadata": {},
   "outputs": [
    {
     "data": {
      "text/plain": [
       "array([[0.11353949, 0.44679324, 0.30760997, 0.1092468 , 0.03250815,\n",
       "        0.21951307, 0.28586919, 0.33426273, 0.1049866 , 0.34648028],\n",
       "       [0.41303181, 0.43211029, 0.40118621, 0.41864261, 0.4910443 ,\n",
       "        0.35461257, 0.03476012, 0.4393986 , 0.25400972, 0.31258839],\n",
       "       [0.03606801, 0.47638652, 0.29538603, 0.34405348, 0.36477251,\n",
       "        0.25940247, 0.0036467 , 0.21562192, 0.48567681, 0.4661717 ],\n",
       "       [0.27096112, 0.41727766, 0.44995346, 0.18269742, 0.15452794,\n",
       "        0.49186761, 0.28428805, 0.44530688, 0.48139447, 0.05808479],\n",
       "       [0.2172634 , 0.49264683, 0.40081746, 0.34831846, 0.36613518,\n",
       "        0.30258975, 0.42124235, 0.34153522, 0.25490045, 0.44835563],\n",
       "       [0.0469566 , 0.03960291, 0.32990266, 0.06143779, 0.43398535,\n",
       "        0.35650463, 0.29592485, 0.29194186, 0.34245049, 0.28841433],\n",
       "       [0.43729683, 0.08520522, 0.43782052, 0.1277214 , 0.35525705,\n",
       "        0.49249492, 0.05507813, 0.05866033, 0.3801388 , 0.20099409],\n",
       "       [0.28439671, 0.37378798, 0.19100343, 0.37370864, 0.12099829,\n",
       "        0.18837606, 0.47666184, 0.45702482, 0.23878139, 0.31237011],\n",
       "       [0.22999776, 0.49881856, 0.41065402, 0.48238918, 0.46505587,\n",
       "        0.43999143, 0.24432215, 0.31421483, 0.28512032, 0.11480207],\n",
       "       [0.23807894, 0.05701874, 0.30374103, 0.22696446, 0.24461456,\n",
       "        0.3325519 , 0.28972429, 0.35214084, 0.44183992, 0.31655326]])"
      ]
     },
     "execution_count": 6,
     "metadata": {},
     "output_type": "execute_result"
    }
   ],
   "source": [
    "#same in one line with where\n",
    "np.where(A>0.5, A/2, A) # np.where(condition, Array to take value if condition is true, Array to take Value if condition is false )"
   ]
  },
  {
   "cell_type": "code",
   "execution_count": 7,
   "metadata": {},
   "outputs": [
    {
     "data": {
      "text/plain": [
       "array([0.30760997, 0.28586919, 0.33426273, 0.40118621, 0.4910443 ,\n",
       "       0.35461257, 0.25400972, 0.31258839, 0.47638652, 0.34405348,\n",
       "       0.36477251, 0.4661717 , 0.27096112, 0.41727766, 0.44995346,\n",
       "       0.49186761, 0.44530688, 0.48139447, 0.49264683, 0.34831846,\n",
       "       0.36613518, 0.30258975, 0.42124235, 0.34153522, 0.25490045,\n",
       "       0.32990266, 0.43398535, 0.35650463, 0.29592485, 0.29194186,\n",
       "       0.28841433, 0.43729683, 0.35525705, 0.49249492, 0.3801388 ,\n",
       "       0.37378798, 0.37370864, 0.47666184, 0.45702482, 0.31237011,\n",
       "       0.49881856, 0.48238918, 0.46505587, 0.31421483, 0.28512032,\n",
       "       0.30374103, 0.3325519 , 0.35214084, 0.44183992])"
      ]
     },
     "execution_count": 7,
     "metadata": {},
     "output_type": "execute_result"
    }
   ],
   "source": [
    "# if we need only the values to change:\n",
    "mask=A>0.5 #generate a mask with indix values\n",
    "A[mask]/2 #manipulate Array at mask locations\n",
    "\n"
   ]
  },
  {
   "cell_type": "code",
   "execution_count": 8,
   "metadata": {},
   "outputs": [
    {
     "data": {
      "text/plain": [
       "array([0.30760997, 0.28586919, 0.33426273, 0.40118621, 0.4910443 ,\n",
       "       0.35461257, 0.25400972, 0.31258839, 0.47638652, 0.34405348,\n",
       "       0.36477251, 0.4661717 , 0.27096112, 0.41727766, 0.44995346,\n",
       "       0.49186761, 0.44530688, 0.48139447, 0.49264683, 0.34831846,\n",
       "       0.36613518, 0.30258975, 0.42124235, 0.34153522, 0.25490045,\n",
       "       0.32990266, 0.43398535, 0.35650463, 0.29592485, 0.29194186,\n",
       "       0.28841433, 0.43729683, 0.35525705, 0.49249492, 0.3801388 ,\n",
       "       0.37378798, 0.37370864, 0.47666184, 0.45702482, 0.31237011,\n",
       "       0.49881856, 0.48238918, 0.46505587, 0.31421483, 0.28512032,\n",
       "       0.30374103, 0.3325519 , 0.35214084, 0.44183992])"
      ]
     },
     "execution_count": 8,
     "metadata": {},
     "output_type": "execute_result"
    }
   ],
   "source": [
    "#or even simpler\n",
    "A[A>0.5]/2"
   ]
  },
  {
   "cell_type": "code",
   "execution_count": null,
   "metadata": {},
   "outputs": [],
   "source": []
  },
  {
   "cell_type": "code",
   "execution_count": null,
   "metadata": {},
   "outputs": [],
   "source": []
  }
 ],
 "metadata": {
  "kernelspec": {
   "display_name": "Python 3",
   "language": "python",
   "name": "python3"
  },
  "language_info": {
   "codemirror_mode": {
    "name": "ipython",
    "version": 3
   },
   "file_extension": ".py",
   "mimetype": "text/x-python",
   "name": "python",
   "nbconvert_exporter": "python",
   "pygments_lexer": "ipython3",
   "version": "3.7.6"
  }
 },
 "nbformat": 4,
 "nbformat_minor": 4
}
